$ANSIBLE_VAULT;1.1;AES256
66333238366633303465376631346164303336386663393463653563656461373863386337383136
3861653964613263643537613432646632353165633163350a363638306237653538336230353365
66653234653135373134353464356238623336636164656264333038623030323161373235613966
3862343538633130340a366633343130333034613366313665653536663664373636383633376361
38323436343133303034636233613039653635333832353661373934306164383236303634653065
35666361626666303139393732616235303536323334643635306134353733363861636132353764
39356163623236326137363035346438366464613437383765643035626563653564316138633732
33616338363630383436393363646437663964383431626338393735346166343230373966633862
32363261613933396337653436323363336533646466623732633362633365356537633037643033
63346363623132396161363438316364343238393865316365376530393564663838303863663730
35343637393762313762646238393064363733623639663861396634333164346163613132623330
36663736656337393136613134323236343635653939623633633539386530366437333666306536
33313438323165396437343762616261656632616362643062613935633163303361316531336433
62356463333564346666333162313738616537636637383031393831373061356461356237343132
31313436333361616461306166366237386364623739393138323563303365396231353039353666
31656662303562323938656262376235386237623562373763303032313962653936393664613464
3561
